1   -7.40   -9.34   -7.28   -7.76
2   -7.01   -7.92   -6.90   -7.16
3   -6.72   -7.03   -6.61   -6.80
4   -6.57   -6.96   -6.47   -6.62
5   -6.22   -6.63   -6.13   -6.30
6   -6.12   -6.32   -6.03   -6.16
7   -5.86   -6.08   -5.77   -5.92
8   -5.77   -6.02   -5.68   -5.80
9   -5.55   -5.83   -5.47   -5.60
10   -5.41   -5.59   -5.33   -5.45
11   -5.20   -5.39   -5.12   -5.25
12   -5.41   -5.34   -5.33   -5.38
13   -4.29   -5.08   -4.23   -4.51
14   -4.69   -4.62   -4.62   -4.65
15   -4.60   -4.57   -4.53   -4.61
16   -4.15   -4.54   -4.08   -4.24
17   -4.26   -4.42   -4.20   -4.26
18   -4.09   -4.30   -4.03   -4.12
19   -3.68   -4.03   -3.62   -3.77
20   -3.79   -3.93   -3.73   -3.78
21   -3.65   -3.80   -3.60   -3.68
22   -3.11   -3.52   -3.07   -3.23
23   -2.81   -3.17   -2.77   -2.89
24   -2.64   -3.10   -2.60   -2.69
25   -2.33   -2.72   -2.29   -2.40
26   -2.47   -2.48   -2.43   -2.45
27   -2.32   -2.40   -2.28   -2.35
28   -2.09   -2.36   -2.06   -2.14
29   -1.91   -2.20   -1.88   -1.96
30   -1.93   -2.02   -1.90   -1.93
31   -1.89   -1.92   -1.86   -1.90
32   -1.65   -1.91   -1.63   -1.70
33   -1.63   -1.78   -1.61   -1.65
34   -1.48   -1.66   -1.46   -1.52
35   -1.47   -1.52   -1.44   -1.48
36   -1.26   -1.51   -1.24   -1.30
37   -1.15   -1.34   -1.13   -1.18
38   -0.88   -1.16   -0.87   -0.94
39   -0.66   -0.89   -0.65   -0.71
40   -0.39   -0.84   -0.39   -0.46
41   -0.05   -0.49   -0.05   -0.13
42   0.37   -0.10   0.36   0.27
43   0.72   0.35   0.71   0.63
44   0.86   0.44   0.85   0.81
45   0.91   0.71   0.89   0.89
46   1.19   0.93   1.17   1.13
47   1.21   1.12   1.19   1.20
48   1.41   1.13   1.38   1.36
49   1.50   1.33   1.48   1.47
50   1.60   1.45   1.58   1.58
51   1.32   1.51   1.30   1.37
52   1.60   1.44   1.57   1.55
53   1.60   1.53   1.58   1.59
54   1.66   1.55   1.64   1.65
55   1.62   1.64   1.60   1.63
56   1.65   1.63   1.63   1.65
57   1.85   1.70   1.82   1.81
58   1.75   1.77   1.72   1.76
59   1.80   1.79   1.78   1.80
60   1.90   1.80   1.87   1.88
61   1.90   1.84   1.87   1.89
62   1.89   1.87   1.86   1.89
63   1.89   1.89   1.86   1.89
64   2.05   1.89   2.02   2.02
65   2.21   2.01   2.17   2.17
66   2.05   2.09   2.02   2.08
67   2.21   2.13   2.18   2.18
68   2.27   2.17   2.23   2.25
69   2.16   2.17   2.13   2.18
70   2.19   2.18   2.15   2.19
71   2.28   2.20   2.25   2.26
72   2.35   2.23   2.32   2.34
73   2.41   2.31   2.37   2.39
74   2.45   2.39   2.41   2.44
75   2.62   2.48   2.58   2.58
76   2.60   2.53   2.56   2.60
77   2.76   2.61   2.72   2.73
78   2.95   2.78   2.91   2.91
79   3.05   2.93   3.00   3.02
80   3.26   2.95   3.21   3.21
81   4.12   3.35   4.06   3.94
82   5.74   4.26   5.65   5.38
83   4.44   5.01   4.37   4.63
84   2.08   4.69   2.05   2.59
85   5.96   4.55   5.87   5.29
86   3.75   5.03   3.70   4.06
87   3.93   4.35   3.87   3.95
88   4.72   4.39   4.65   4.57
89   4.02   4.11   3.96   4.13
90   4.66   4.16   4.59   4.56
91   4.39   4.43   4.32   4.42
92   4.07   4.36   4.01   4.14
93   4.84   4.49   4.77   4.70
94   4.74   4.70   4.66   4.73
95   4.52   4.71   4.45   4.56
96   4.96   4.65   4.89   4.88
97   5.01   4.81   4.94   4.99
98   4.96   4.88   4.88   4.96
99   5.21   5.03   5.13   5.16
100   5.32   5.10   5.24   5.29
101   5.51   5.25   5.43   5.47
102   5.48   5.43   5.40   5.48
103   5.57   5.51   5.49   5.55
104   5.55   5.53   5.46   5.55
105   5.70   5.57   5.61   5.67
106   5.84   5.70   5.75   5.81
107   5.98   5.84   5.88   5.94
108   5.73   5.87   5.64   5.77
109   6.02   5.89   5.93   5.97
110   6.11   6.03   6.02   6.09
111   6.08   6.08   5.99   6.08
112   6.26   6.08   6.16   6.22
113   6.18   6.16   6.09   6.19
114   6.03   6.12   5.94   6.06
115   6.20   6.11   6.10   6.17
116   6.25   6.15   6.16   6.23
117   6.15   6.16   6.06   6.17
118   6.34   6.21   6.24   6.30
119   6.24   6.27   6.14   6.25
120   6.16   6.24   6.06   6.18
121   6.21   6.23   6.11   6.20
122   6.08   6.18   5.98   6.10
123   5.40   5.94   5.32   5.54
124   5.27   5.77   5.19   5.33
125   4.78   5.38   4.70   4.89
126   5.49   5.11   5.41   5.37
127   5.23   5.25   5.15   5.26
128   5.45   5.18   5.36   5.41
129   5.40   5.39   5.32   5.40
130   5.41   5.36   5.32   5.41
131   5.62   5.46   5.54   5.58
132   5.28   5.51   5.20   5.34
133   5.24   5.39   5.16   5.26
134   5.11   5.30   5.03   5.14
135   5.03   5.12   4.95   5.05
136   5.01   5.10   4.93   5.02
137   4.91   5.01   4.84   4.93
138   5.08   4.98   5.01   5.05
139   4.96   5.01   4.89   4.98
140   4.89   4.98   4.82   4.91
141   4.83   4.94   4.76   4.85
142   4.76   4.85   4.69   4.78
143   4.94   4.82   4.86   4.91
144   4.75   4.87   4.68   4.78
145   4.67   4.78   4.60   4.69
146   4.75   4.76   4.68   4.74
147   4.74   4.73   4.67   4.74
148   4.81   4.72   4.73   4.79
149   4.68   4.74   4.61   4.70
150   4.65   4.69   4.58   4.66
151   4.54   4.63   4.47   4.57
152   4.58   4.61   4.51   4.57
153   4.25   4.51   4.19   4.32
154   4.33   4.35   4.27   4.33
155   4.08   4.25   4.02   4.13
156   4.08   4.19   4.02   4.09
157   3.97   4.12   3.91   3.99
158   3.96   4.00   3.90   3.97
159   3.97   3.97   3.91   3.97
160   3.88   3.97   3.83   3.90
161   4.00   3.95   3.94   3.98
162   3.98   3.99   3.92   3.98
163   3.80   3.94   3.74   3.83
164   3.74   3.89   3.68   3.76
165   3.78   3.82   3.72   3.77
166   3.79   3.79   3.73   3.79
167   4.10   3.86   4.03   4.03
168   3.98   3.94   3.92   3.99
169   3.76   3.91   3.71   3.81
170   3.84   3.87   3.78   3.83
171   3.89   3.83   3.83   3.88
172   3.88   3.85   3.82   3.88
173   3.83   3.86   3.77   3.84
174   3.84   3.85   3.79   3.84
175   3.70   3.80   3.64   3.73
176   3.89   3.77   3.83   3.86
177   3.65   3.77   3.60   3.69
178   3.57   3.64   3.52   3.60
179   3.44   3.56   3.39   3.47
180   3.24   3.52   3.19   3.28
181   3.17   3.36   3.12   3.19
182   3.34   3.28   3.29   3.31
183   3.02   3.22   2.98   3.08
184   3.28   3.14   3.23   3.24
185   3.00   3.16   2.96   3.05
186   3.01   3.01   2.97   3.02
187   2.59   2.90   2.55   2.67
188   3.13   2.80   3.08   3.04
189   2.80   2.88   2.76   2.85
190   2.58   2.69   2.54   2.63
191   2.48   2.61   2.44   2.51
192   2.33   2.58   2.30   2.37
193   2.18   2.39   2.15   2.22
194   2.43   2.32   2.40   2.39
195   2.28   2.33   2.25   2.31
196   2.18   2.30   2.15   2.21
197   1.98   2.22   1.95   2.02
198   1.87   2.03   1.84   1.90
199   1.77   1.87   1.75   1.80
200   1.71   1.85   1.69   1.73
201   1.68   1.76   1.65   1.69
202   1.69   1.71   1.66   1.69
203   1.46   1.63   1.44   1.51
204   1.39   1.57   1.37   1.41
205   1.35   1.47   1.33   1.36
206   1.33   1.37   1.31   1.34
207   1.19   1.30   1.17   1.22
208   0.99   1.26   0.97   1.03
209   1.14   1.16   1.12   1.12
210   1.10   1.14   1.08   1.10
211   0.87   1.05   0.85   0.91
212   0.88   0.99   0.87   0.89
213   0.63   0.87   0.62   0.68
214   0.60   0.68   0.59   0.61
215   0.58   0.60   0.58   0.59
216   0.34   0.60   0.33   0.39
217   0.16   0.42   0.16   0.21
218   0.08   0.25   0.08   0.11
219   -0.06   0.07   -0.06   -0.02
220   -0.28   0.03   -0.28   -0.23
221   -0.31   -0.14   -0.31   -0.30
222   -0.32   -0.25   -0.31   -0.31
223   -0.45   -0.35   -0.44   -0.42
224   -0.61   -0.38   -0.60   -0.57
225   -0.70   -0.52   -0.69   -0.67
226   -0.88   -0.68   -0.87   -0.84
227   -0.96   -0.86   -0.95   -0.94
228   -0.97   -0.88   -0.96   -0.96
229   -1.22   -1.01   -1.20   -1.17
230   -1.15   -1.14   -1.14   -1.16
231   -1.14   -1.17   -1.12   -1.14
232   -1.24   -1.16   -1.22   -1.22
233   -1.30   -1.21   -1.28   -1.28
234   -1.32   -1.26   -1.30   -1.32
235   -1.65   -1.40   -1.63   -1.58
236   -1.50   -1.48   -1.48   -1.52
237   -1.77   -1.56   -1.75   -1.72
238   -1.80   -1.75   -1.78   -1.79
239   -1.96   -1.83   -1.93   -1.92
240   -1.97   -1.87   -1.94   -1.96
241   -2.20   -1.98   -2.17   -2.16
242   -2.15   -2.13   -2.12   -2.15
243   -2.34   -2.21   -2.30   -2.30
244   -2.38   -2.26   -2.35   -2.37
245   -2.51   -2.35   -2.47   -2.48
246   -2.62   -2.50   -2.58   -2.59
247   -2.69   -2.61   -2.65   -2.67
248   -2.73   -2.63   -2.69   -2.72
249   -2.82   -2.71   -2.77   -2.80
250   -2.92   -2.81   -2.88   -2.90
251   -2.91   -2.89   -2.86   -2.91
252   -2.99   -2.89   -2.94   -2.97
253   -2.99   -2.95   -2.95   -2.99
254   -3.19   -3.02   -3.14   -3.15
255   -3.16   -3.13   -3.11   -3.16
256   -3.26   -3.12   -3.21   -3.24
257   -3.30   -3.23   -3.25   -3.29
258   -3.44   -3.30   -3.38   -3.41
259   -3.49   -3.42   -3.43   -3.47
260   -3.45   -3.43   -3.40   -3.45
261   -3.39   -3.44   -3.34   -3.40
262   -3.62   -3.47   -3.56   -3.58
263   -3.51   -3.53   -3.45   -3.52
264   -3.57   -3.51   -3.51   -3.56
265   -3.61   -3.58   -3.56   -3.60
266   -3.79   -3.63   -3.74   -3.76
267   -3.85   -3.76   -3.79   -3.83
268   -3.81   -3.78   -3.75   -3.81
269   -3.81   -3.82   -3.75   -3.81
270   -3.91   -3.85   -3.85   -3.89
271   -3.81   -3.86   -3.76   -3.83
272   -3.89   -3.84   -3.83   -3.88
273   -3.84   -3.86   -3.79   -3.85
274   -3.98   -3.87   -3.92   -3.95
275   -4.02   -3.95   -3.95   -4.00
276   -4.06   -3.96   -4.00   -4.05
277   -4.12   -4.04   -4.06   -4.10
278   -3.93   -4.04   -3.87   -3.96
279   -4.00   -3.99   -3.94   -3.99
280   -3.98   -4.01   -3.92   -3.98
281   -8.37   -5.07   -8.24   -7.49
282   10.03   -2.68   9.88   6.52
283   -11.92   -0.06   -11.73   -8.23
284   -8.26   -5.54   -8.14   -8.26
285   1.10   -2.26   1.08   -0.77
286   -4.08   -3.45   -4.02   -3.42
287   -3.76   -2.71   -3.70   -3.69
288   -3.02   -2.63   -2.97   -3.15
289   -5.17   -4.01   -5.09   -4.77
290   -2.96   -4.27   -2.91   -3.32
291   -3.22   -3.58   -3.17   -3.24
292   -4.50   -3.64   -4.43   -4.25
293   -3.31   -3.50   -3.26   -3.50
294   -3.74   -3.40   -3.69   -3.69
295   -4.13   -3.73   -4.06   -4.04
296   -4.24   -3.83   -4.17   -4.20
297   -4.17   -4.07   -4.11   -4.17
298   -4.11   -4.14   -4.05   -4.12
299   -4.33   -4.18   -4.27   -4.29
300   -4.69   -4.24   -4.61   -4.61
301   -4.86   -4.50   -4.79   -4.81
302   -5.13   -4.80   -5.05   -5.06
303   -5.35   -5.12   -5.27   -5.30
304   -5.10   -5.17   -5.02   -5.14
305   -5.22   -5.20   -5.14   -5.20
306   -5.22   -5.25   -5.14   -5.22
307   -5.16   -5.20   -5.08   -5.17
308   -5.23   -5.19   -5.15   -5.22
309   -5.27   -5.22   -5.19   -5.26
310   -5.25   -5.24   -5.17   -5.25
311   -5.19   -5.24   -5.11   -5.20
312   -5.19   -5.23   -5.11   -5.19
313   -5.40   -5.26   -5.32   -5.36
314   -5.40   -5.35   -5.32   -5.39
315   -5.36   -5.39   -5.28   -5.37
316   -5.43   -5.38   -5.35   -5.42
317   -5.45   -5.41   -5.37   -5.45
318   -5.44   -5.43   -5.35   -5.44
319   -5.34   -5.42   -5.26   -5.36
320   -5.47   -5.39   -5.39   -5.45
321   -5.47   -5.43   -5.39   -5.47
322   -5.61   -5.47   -5.52   -5.58
323   -5.64   -5.58   -5.55   -5.63
324   -5.52   -5.59   -5.43   -5.54
325   -5.62   -5.60   -5.54   -5.61
326   -5.63   -5.63   -5.55   -5.63
327   -5.72   -5.65   -5.63   -5.70
328   -5.68   -5.67   -5.60   -5.68
329   -5.82   -5.71   -5.73   -5.79
330   -5.96   -5.83   -5.87   -5.92
331   -6.03   -5.94   -5.94   -6.01
332   -5.97   -5.96   -5.88   -5.98
333   -6.11   -6.02   -6.02   -6.09
334   -6.21   -6.12   -6.11   -6.18
335   -6.28   -6.20   -6.19   -6.26
336   -6.45   -6.22   -6.35   -6.41
337   -6.45   -6.35   -6.35   -6.44
338   -6.58   -6.44   -6.48   -6.56
339   -6.77   -6.60   -6.67   -6.73
340   -6.76   -6.65   -6.65   -6.75
341   -6.93   -6.76   -6.83   -6.89
342   -7.04   -6.92   -6.93   -7.01
343   -7.19   -7.05   -7.08   -7.15
344   -7.35   -7.09   -7.24   -7.31
345   -7.48   -7.27   -7.37   -7.45
346   -7.51   -7.42   -7.40   -7.50
347   -7.71   -7.55   -7.59   -7.67
348   -7.52   -7.60   -7.40   -7.55
349   -7.72   -7.62   -7.61   -7.69
350   -7.84   -7.75   -7.72   -7.81
351   -7.78   -7.80   -7.66   -7.79
352   -7.83   -7.78   -7.71   -7.82
353   -7.90   -7.84   -7.78   -7.88
354   -8.14   -7.93   -8.02   -8.09
355   -8.06   -8.06   -7.94   -8.07
356   -8.26   -8.04   -8.14   -8.22
357   -8.36   -8.20   -8.23   -8.33
358   -8.42   -8.30   -8.29   -8.40
359   -8.28   -8.37   -8.16   -8.31
360   -8.54   -8.34   -8.41   -8.50
361   -8.45   -8.42   -8.32   -8.46
362   -8.47   -8.41   -8.35   -8.47
363   -8.50   -8.47   -8.37   -8.49
364   -8.52   -8.48   -8.39   -8.51
365   -8.51   -8.50   -8.38   -8.51
366   -8.57   -8.52   -8.44   -8.56
367   -8.52   -8.54   -8.39   -8.53
368   -8.62   -8.53   -8.49   -8.60
369   -8.63   -8.59   -8.50   -8.62
370   -8.71   -8.62   -8.57   -8.69
371   -8.76   -8.70   -8.62   -8.74
372   -8.82   -8.71   -8.69   -8.80
373   -8.78   -8.77   -8.65   -8.79
374   -8.86   -8.80   -8.73   -8.85
375   -8.81   -8.83   -8.68   -8.82
376   -8.87   -8.82   -8.74   -8.86
377   -8.59   -8.78   -8.46   -8.64
378   -9.01   -8.75   -8.87   -8.94
379   -8.77   -8.84   -8.64   -8.80
380   -8.19   -8.78   -8.07   -8.31
381   -9.12   -8.77   -8.98   -8.96
382   -8.77   -8.95   -8.64   -8.81
383   -9.01   -8.92   -8.87   -8.97
384   -9.00   -8.98   -8.86   -8.99
385   -8.87   -8.91   -8.74   -8.89
386   -8.93   -8.92   -8.79   -8.92
387   -8.96   -8.92   -8.83   -8.95
388   -8.90   -8.93   -8.77   -8.91
389   -8.97   -8.94   -8.84   -8.96
390   -8.96   -8.97   -8.82   -8.96
391   -9.02   -8.98   -8.88   -9.01
392   -9.10   -8.99   -8.96   -9.08
393   -9.21   -9.07   -9.07   -9.18
394   -9.36   -9.20   -9.22   -9.33
395   -9.23   -9.29   -9.09   -9.25
396   -9.31   -9.26   -9.17   -9.30
397   -9.33   -9.31   -9.19   -9.32
398   -9.38   -9.32   -9.24   -9.37
399   -9.39   -9.37   -9.25   -9.39
400   -9.48   -9.37   -9.34   -9.46
401   -9.51   -9.44   -9.36   -9.50
402   -9.62   -9.51   -9.48   -9.60
403   -9.73   -9.62   -9.59   -9.71
404   -9.81   -9.65   -9.66   -9.79
405   -9.69   -9.71   -9.54   -9.71
406   -9.99   -9.78   -9.84   -9.94
407   -10.02   -9.92   -9.87   -10.00
408   -10.06   -9.93   -9.91   -10.05
409   -10.55   -10.16   -10.39   -10.45
410   -10.60   -10.43   -10.44   -10.57
411   -10.53   -10.57   -10.37   -10.54
412   -10.33   -10.55   -10.17   -10.37
413   -10.33   -10.45   -10.18   -10.34
414   -10.43   -10.41   -10.27   -10.41
415   -10.44   -10.41   -10.28   -10.43
416   -10.66   -10.41   -10.50   -10.61
417   -10.92   -10.61   -10.76   -10.86
418   -11.09   -10.85   -10.93   -11.05
419   -11.23   -11.09   -11.06   -11.19
420   -11.44   -11.12   -11.27   -11.39
421   -11.59   -11.34   -11.41   -11.55
422   -11.70   -11.53   -11.52   -11.67
423   -11.60   -11.65   -11.43   -11.61
424   -11.79   -11.62   -11.61   -11.75
425   -11.99   -11.77   -11.81   -11.94
426   -12.21   -11.95   -12.03   -12.16
427   -12.21   -12.16   -12.03   -12.20
428   -12.53   -12.16   -12.34   -12.46
429   -12.66   -12.40   -12.46   -12.62
430   -12.88   -12.60   -12.68   -12.82
431   -13.17   -12.90   -12.97   -13.10
432   -13.45   -12.97   -13.25   -13.38
433   -13.47   -13.24   -13.26   -13.45
434   -13.76   -13.47   -13.55   -13.70
435   -14.00   -13.75   -13.79   -13.94
436   -14.19   -13.81   -13.98   -14.14
437   -14.31   -14.06   -14.09   -14.27
438   -14.52   -14.29   -14.30   -14.47
439   -14.65   -14.50   -14.43   -14.61
440   -14.93   -14.53   -14.70   -14.86
441   -15.03   -14.78   -14.80   -15.00
442   -15.20   -14.98   -14.97   -15.16
443   -15.21   -15.16   -14.98   -15.20
444   -15.34   -15.17   -15.11   -15.32
445   -15.51   -15.32   -15.28   -15.47
446   -15.56   -15.45   -15.33   -15.55
447   -15.63   -15.57   -15.39   -15.61
448   -15.74   -15.58   -15.50   -15.71
449   -15.76   -15.67   -15.52   -15.75
450   -15.76   -15.73   -15.52   -15.75
451   -15.78   -15.76   -15.54   -15.78
452   -15.86   -15.77   -15.62   -15.84
453   -15.75   -15.79   -15.51   -15.77
454   -15.69   -15.74   -15.45   -15.71
455   -15.65   -15.70   -15.42   -15.67
456   -15.53   -15.69   -15.29   -15.55
457   -15.53   -15.60   -15.29   -15.53
458   -15.42   -15.53   -15.19   -15.44
459   -15.22   -15.40   -14.99   -15.27
460   -15.04   -15.35   -14.81   -15.08
461   -15.00   -15.17   -14.77   -15.01
462   -14.82   -15.01   -14.60   -14.86
463   -14.71   -14.84   -14.48   -14.74
464   -14.47   -14.81   -14.25   -14.52
465   -14.30   -14.57   -14.09   -14.35
466   -15.79   -14.78   -15.55   -15.50
467   -14.68   -15.14   -14.45   -14.84
468   -14.12   -14.86   -13.91   -14.26
469   -13.97   -14.64   -13.76   -14.03
470   -13.11   -13.93   -12.91   -13.30
471   -13.56   -13.44   -13.35   -13.50
472   -13.70   -13.55   -13.49   -13.66
473   -13.64   -13.50   -13.43   -13.64
474   -13.91   -13.69   -13.70   -13.86
475   -13.50   -13.74   -13.29   -13.57
476   -13.34   -13.64   -13.14   -13.39
477   -13.28   -13.51   -13.08   -13.30
478   -13.10   -13.29   -12.90   -13.14
479   -13.19   -13.17   -12.99   -13.18
480   -13.10   -13.19   -12.90   -13.11
481   -12.95   -13.08   -12.75   -12.98
482   -13.31   -13.10   -13.11   -13.25
483   -13.25   -13.21   -13.04   -13.25
484   -13.27   -13.19   -13.07   -13.26
485   -13.20   -13.26   -13.00   -13.21
486   -13.42   -13.27   -13.21   -13.38
487   -13.28   -13.33   -13.08   -13.30
488   -13.41   -13.29   -13.21   -13.39
489   -13.33   -13.36   -13.13   -13.34
490   -13.27   -13.30   -13.06   -13.28
491   -13.31   -13.29   -13.10   -13.30
492   -13.15   -13.30   -12.95   -13.18
493   -13.07   -13.20   -12.87   -13.09
494   -13.19   -13.16   -12.99   -13.17
495   -12.95   -13.10   -12.75   -12.99
496   -12.72   -13.04   -12.53   -12.77
497   -12.74   -12.90   -12.55   -12.75
498   -13.02   -12.86   -12.82   -12.96
499   -13.05   -12.96   -12.85   -13.03
500   -13.10   -12.96   -12.90   -13.08
501   -13.20   -13.09   -13.00   -13.18
502   -13.52   -13.24   -13.32   -13.45
503   -13.52   -13.44   -13.32   -13.51
504   -13.47   -13.44   -13.27   -13.48
505   -13.49   -13.50   -13.28   -13.49
506   -13.43   -13.48   -13.23   -13.45
507   -13.49   -13.46   -13.28   -13.48
508   -13.46   -13.48   -13.25   -13.46
509   -13.51   -13.47   -13.30   -13.50
510   -13.57   -13.52   -13.36   -13.55
511   -13.56   -13.55   -13.35   -13.56
512   -13.50   -13.55   -13.29   -13.51
513   -13.40   -13.51   -13.20   -13.43
514   -13.27   -13.41   -13.07   -13.30
515   -13.22   -13.29   -13.02   -13.24
516   -13.80   -13.28   -13.59   -13.68
517   -12.95   -13.31   -12.75   -13.09
518   -13.42   -13.13   -13.22   -13.36
519   -13.08   -13.22   -12.88   -13.14
520   -12.82   -13.13   -12.63   -12.89
521   -12.92   -13.06   -12.72   -12.91
522   -12.91   -12.96   -12.71   -12.91
523   -12.76   -12.87   -12.56   -12.79
524   -12.62   -12.84   -12.43   -12.65
525   -12.29   -12.64   -12.10   -12.36
526   -12.30   -12.41   -12.12   -12.32
527   -11.93   -12.21   -11.75   -12.01
528   -11.92   -12.11   -11.73   -11.93
529   -11.63   -11.95   -11.45   -11.69
530   -11.51   -11.68   -11.33   -11.54
531   -11.38   -11.51   -11.21   -11.41
532   -11.09   -11.48   -10.93   -11.16
533   -11.17   -11.29   -11.00   -11.17
534   -10.86   -11.14   -10.69   -10.92
535   -10.63   -10.88   -10.47   -10.69
536   -10.95   -10.82   -10.78   -10.90
537   -10.71   -10.79   -10.54   -10.74
538   -10.46   -10.63   -10.30   -10.52
539   -10.48   -10.53   -10.32   -10.49
540   -10.23   -10.53   -10.08   -10.28
541   -10.18   -10.34   -10.02   -10.20
542   -10.05   -10.22   -9.90   -10.08
543   -9.87   -10.04   -9.72   -9.91
544   -9.88   -9.99   -9.73   -9.89
545   -9.74   -9.89   -9.59   -9.77
546   -9.70   -9.76   -9.55   -9.71
547   -9.55   -9.67   -9.41   -9.58
548   -9.55   -9.64   -9.40   -9.55
549   -9.36   -9.54   -9.22   -9.40
550   -9.25   -9.38   -9.11   -9.28
551   -9.19   -9.26   -9.05   -9.21
552   -9.05   -9.25   -8.92   -9.09
553   -8.92   -9.10   -8.78   -8.95
554   -8.92   -8.99   -8.78   -8.93
555   -8.77   -8.88   -8.64   -8.80
556   -8.55   -8.85   -8.42   -8.60
557   -8.61   -8.71   -8.48   -8.61
558   -8.31   -8.58   -8.18   -8.37
559   -8.30   -8.38   -8.17   -8.31
560   -8.06   -8.38   -7.94   -8.11
561   -7.86   -8.13   -7.74   -7.91
562   -7.87   -7.97   -7.75   -7.88
563   -7.71   -7.83   -7.60   -7.75
564   -7.72   -7.79   -7.60   -7.73
565   -7.60   -7.72   -7.48   -7.62
566   -7.55   -7.61   -7.43   -7.56
567   -7.62   -7.58   -7.50   -7.61
568   -7.52   -7.59   -7.40   -7.53
569   -7.50   -7.54   -7.38   -7.50
570   -7.32   -7.48   -7.21   -7.36
571   -7.34   -7.37   -7.22   -7.34
572   -7.29   -7.37   -7.18   -7.30
573   -7.30   -7.31   -7.19   -7.30
574   -7.15   -7.27   -7.05   -7.18
575   -7.16   -7.19   -7.05   -7.17
576   -7.05   -7.19   -6.94   -7.07
577   -6.75   -7.03   -6.65   -6.82
578   -6.94   -6.90   -6.83   -6.92
579   -6.76   -6.85   -6.65   -6.79
580   -6.69   -6.80   -6.59   -6.71
581   -6.73   -6.78   -6.63   -6.73
582   -6.53   -6.69   -6.43   -6.57
583   -6.59   -6.60   -6.49   -6.59
584   -6.50   -6.61   -6.40   -6.51
585   -6.40   -6.51   -6.30   -6.42
586   -6.23   -6.41   -6.14   -6.27
587   -6.21   -6.27   -6.12   -6.23
588   -6.09   -6.26   -6.00   -6.12
589   -5.92   -6.12   -5.83   -5.96
590   -5.73   -5.95   -5.64   -5.77
591   -5.50   -5.72   -5.42   -5.56
592   -5.40   -5.66   -5.32   -5.43
593   -5.37   -5.50   -5.29   -5.39
594   -5.21   -5.37   -5.13   -5.25
595   -5.06   -5.21   -4.98   -5.09
596   -5.01   -5.17   -4.93   -5.02
597   -4.99   -5.07   -4.91   -5.00
598   -4.82   -4.96   -4.74   -4.85
599   -4.85   -4.87   -4.78   -4.85
600   -4.65   -4.88   -4.58   -4.69
601   -4.57   -4.72   -4.50   -4.60
602   -4.52   -4.63   -4.45   -4.53
603   -4.35   -4.49   -4.29   -4.39
604   -4.14   -4.45   -4.07   -4.19
605   -3.99   -4.25   -3.93   -4.03
606   -3.98   -4.08   -3.92   -3.99
607   -3.82   -3.94   -3.76   -3.86
608   -3.56   -3.90   -3.51   -3.62
609   -3.40   -3.69   -3.35   -3.44
610   -3.24   -3.47   -3.19   -3.28
611   -3.03   -3.23   -2.99   -3.08
612   -2.83   -3.18   -2.78   -2.88
613   -2.79   -2.97   -2.74   -2.80
614   -2.91   -2.88   -2.86   -2.89
615   -2.92   -2.88   -2.88   -2.91
616   -2.86   -2.88   -2.81   -2.87
617   -2.81   -2.87   -2.76   -2.82
618   -2.75   -2.82   -2.71   -2.76
619   -2.66   -2.74   -2.62   -2.68
620   -2.70   -2.72   -2.66   -2.70
621   -2.50   -2.65   -2.46   -2.54
622   -2.37   -2.50   -2.33   -2.40
623   -2.31   -2.39   -2.28   -2.33
624   -2.32   -2.37   -2.28   -2.32
625   -2.13   -2.28   -2.10   -2.17
626   -1.97   -2.14   -1.94   -2.01
627   -1.80   -1.97   -1.77   -1.84
628   -1.63   -1.92   -1.61   -1.67
629   -1.45   -1.71   -1.43   -1.50
630   -1.21   -1.48   -1.19   -1.26
631   -1.04   -1.23   -1.03   -1.09
632   -0.77   -1.19   -0.76   -0.83
633   -0.58   -0.90   -0.57   -0.63
634   -0.54   -0.69   -0.54   -0.56
635   -0.25   -0.48   -0.25   -0.31
636   -0.33   -0.41   -0.33   -0.33
637   -0.14   -0.32   -0.13   -0.17
638   -0.03   -0.14   -0.03   -0.06
639   -0.00   -0.05   -0.00   -0.01
640   0.10   -0.04   0.09   0.07
641   0.09   0.04   0.09   0.09
642   0.12   0.08   0.12   0.11
643   0.33   0.17   0.33   0.29
644   0.27   0.22   0.27   0.28
645   0.36   0.27   0.35   0.34
646   0.41   0.36   0.40   0.40
647   0.37   0.39   0.36   0.38
648   0.55   0.38   0.54   0.51
649   0.43   0.44   0.42   0.44
650   0.61   0.46   0.60   0.58
651   0.20   0.46   0.19   0.27
652   0.70   0.36   0.69   0.62
653   0.57   0.52   0.56   0.58
654   0.54   0.47   0.53   0.55
655   0.77   0.60   0.75   0.72
656   0.63   0.66   0.62   0.65
657   0.61   0.64   0.60   0.62
658   0.62   0.65   0.61   0.62
659   0.66   0.63   0.65   0.65
660   0.68   0.64   0.67   0.67
661   0.87   0.71   0.86   0.83
662   0.83   0.81   0.82   0.83
663   0.77   0.83   0.76   0.78
664   0.82   0.81   0.81   0.81
665   0.86   0.82   0.85   0.85
666   0.96   0.86   0.94   0.94
667   0.99   0.94   0.98   0.98
668   1.18   0.95   1.16   1.14
669   1.24   1.09   1.23   1.22
670   1.51   1.25   1.49   1.45
671   1.48   1.44   1.46   1.48
672   1.67   1.43   1.64   1.63
673   1.84   1.62   1.81   1.80
674   1.76   1.73   1.73   1.77
675   1.92   1.82   1.89   1.89
676   1.98   1.86   1.95   1.96
677   2.08   1.93   2.05   2.05
678   2.19   2.07   2.16   2.16
679   2.16   2.16   2.13   2.16
680   2.40   2.15   2.36   2.35
681   2.36   2.28   2.33   2.36
682   2.73   2.40   2.69   2.65
683   1.92   2.44   1.90   2.07
684   3.47   2.24   3.42   3.19
685   3.02   2.79   2.97   3.05
686   2.58   2.64   2.55   2.68
687   3.02   2.80   2.98   2.95
688   2.52   2.91   2.48   2.60
689   3.20   2.83   3.15   3.08
690   3.06   3.12   3.01   3.06
691   2.79   3.03   2.75   2.84
692   2.78   2.96   2.74   2.80
693   3.26   2.97   3.21   3.16
694   3.28   3.15   3.23   3.26
695   3.28   3.27   3.23   3.27
696   3.14   3.27   3.09   3.16
697   3.54   3.31   3.48   3.46
698   3.62   3.49   3.56   3.59
699   3.57   3.58   3.52   3.57
700   3.81   3.57   3.75   3.76
701   3.62   3.65   3.57   3.65
702   3.81   3.66   3.75   3.78
703   3.68   3.73   3.63   3.70
704   3.86   3.70   3.80   3.83
705   3.84   3.80   3.78   3.83
706   3.85   3.80   3.80   3.85
707   4.01   3.89   3.95   3.98
708   3.87   3.93   3.81   3.89
709   3.85   3.89   3.79   3.85
710   3.87   3.89   3.81   3.87
711   3.97   3.89   3.91   3.95
712   4.03   3.91   3.97   4.01
713   3.99   3.96   3.93   3.99
714   4.14   4.02   4.08   4.11
715   4.23   4.12   4.16   4.21
716   4.32   4.15   4.26   4.30
717   4.46   4.29   4.39   4.43
718   4.62   4.44   4.55   4.58
719   4.50   4.55   4.43   4.52
720   4.57   4.52   4.50   4.56
721   4.70   4.60   4.63   4.67
722   4.66   4.64   4.59   4.66
723   4.74   4.69   4.67   4.72
724   4.66   4.71   4.59   4.67
725   4.71   4.69   4.64   4.70
726   4.61   4.69   4.54   4.63
727   4.60   4.63   4.53   4.60
728   4.58   4.63   4.51   4.59
729   4.60   4.60   4.53   4.60
730   4.64   4.61   4.57   4.63
731   4.67   4.64   4.60   4.66
732   4.67   4.65   4.60   4.67
733   4.74   4.68   4.67   4.73
734   4.81   4.74   4.74   4.79
735   4.71   4.77   4.64   4.73
736   4.89   4.74   4.82   4.86
737   4.94   4.84   4.86   4.92
738   4.95   4.88   4.88   4.95
739   4.99   4.96   4.92   4.98
740   5.26   4.97   5.18   5.20
741   5.31   5.13   5.23   5.29
742   5.36   5.24   5.28   5.35
743   5.46   5.37   5.37   5.43
744   5.54   5.40   5.46   5.52
745   5.70   5.51   5.61   5.66
746   5.76   5.65   5.67   5.74
747   5.86   5.77   5.77   5.84
748   5.93   5.79   5.84   5.91
749   6.03   5.89   5.94   6.01
750   6.05   5.99   5.96   6.04
751   6.05   6.05   5.96   6.05
752   6.26   6.05   6.16   6.22
753   6.26   6.15   6.16   6.25
754   6.35   6.23   6.25   6.33
755   6.46   6.35   6.36   6.43
756   6.41   6.38   6.32   6.42
757   6.64   6.47   6.54   6.60
758   6.56   6.57   6.46   6.57
759   6.69   6.61   6.59   6.67
760   6.68   6.65   6.58   6.68
761   6.61   6.64   6.51   6.63
762   6.66   6.64   6.56   6.65
763   6.59   6.63   6.49   6.61
764   6.59   6.62   6.49   6.59
765   6.53   6.59   6.43   6.54
766   6.57   6.56   6.47   6.56
767   6.67   6.58   6.57   6.65
768   6.61   6.61   6.51   6.62
769   6.54   6.59   6.44   6.55
770   6.58   6.58   6.48   6.58
771   6.46   6.54   6.36   6.49
772   6.37   6.51   6.28   6.40
773   6.37   6.45   6.27   6.37
774   6.41   6.40   6.32   6.40
775   6.41   6.40   6.32   6.41
776   6.38   6.40   6.28   6.39
777   6.31   6.38   6.21   6.32
778   6.30   6.33   6.21   6.31
779   6.12   6.26   6.03   6.16
780   6.17   6.21   6.07   6.17
781   6.06   6.16   5.97   6.08
782   5.88   6.03   5.79   5.92
783   5.98   5.95   5.89   5.97
784   5.81   5.97   5.73   5.84
785   5.98   5.91   5.89   5.96
786   5.85   5.95   5.76   5.87
787   5.89   5.89   5.80   5.88
788   5.75   5.90   5.67   5.78
789   5.99   5.87   5.90   5.95
790   5.90   5.94   5.81   5.91
791   5.90   5.92   5.81   5.91
792   5.83   5.93   5.74   5.85
793   5.71   5.84   5.62   5.74
794   5.78   5.77   5.69   5.77
795   5.76   5.76   5.68   5.76
796   5.71   5.75   5.62   5.72
797   5.71   5.74   5.62   5.71
798   5.70   5.72   5.62   5.71
799   5.63   5.69   5.55   5.65
800   5.50   5.67   5.42   5.53
801   5.39   5.56   5.31   5.42
802   5.30   5.43   5.22   5.32
803   5.23   5.31   5.15   5.25
804   5.17   5.29   5.09   5.19
805   5.00   5.18   4.93   5.04
806   4.99   5.06   4.91   5.00
807   4.86   4.96   4.78   4.89
808   3.89   4.93   3.83   4.09
809   3.59   4.33   3.54   3.69
810   3.60   3.91   3.55   3.62
811   4.62   3.85   4.55   4.42
812   4.04   4.11   3.98   4.12
813   4.16   4.11   4.10   4.15
814   3.39   4.08   3.34   3.54
815   3.54   3.62   3.49   3.54
816   3.63   3.66   3.57   3.61
817   3.21   3.44   3.16   3.29
818   3.28   3.31   3.23   3.29
819   2.93   3.18   2.89   3.00
820   2.90   3.09   2.86   2.92
821   2.92   3.01   2.87   2.92
822   2.84   2.90   2.80   2.86
823   2.73   2.83   2.69   2.75
824   2.69   2.80   2.65   2.70
825   2.55   2.70   2.51   2.58
826   2.54   2.59   2.50   2.55
827   2.36   2.50   2.33   2.40
828   2.18   2.45   2.14   2.22
829   2.21   2.32   2.18   2.22
830   2.16   2.24   2.12   2.17
831   2.08   2.15   2.04   2.09
832   1.80   2.13   1.77   1.86
833   1.81   1.96   1.79   1.82
834   1.40   1.78   1.38   1.49
835   1.38   1.50   1.36   1.40
836   1.19   1.49   1.17   1.23
837   0.97   1.24   0.96   1.03
838   0.88   1.05   0.87   0.91
839   0.45   0.80   0.45   0.54
840   0.57   0.69   0.56   0.56
841   0.01   0.48   0.01   0.12
842   -0.28   0.05   -0.27   -0.20
843   -0.30   -0.21   -0.30   -0.28
844   -0.41   -0.22   -0.41   -0.39
845   -0.67   -0.42   -0.66   -0.62
846   -0.71   -0.59   -0.70   -0.69
847   -0.94   -0.76   -0.93   -0.89
848   -0.97   -0.82   -0.96   -0.96
849   -1.10   -0.93   -1.09   -1.07
850   -1.24   -1.10   -1.22   -1.21
851   -1.29   -1.22   -1.27   -1.27
852   -1.41   -1.23   -1.39   -1.38
853   -1.57   -1.38   -1.55   -1.53
854   -1.47   -1.47   -1.45   -1.48
855   -1.70   -1.55   -1.67   -1.65
856   -1.89   -1.61   -1.86   -1.84
857   -2.01   -1.77   -1.98   -1.98
858   -2.12   -1.96   -2.09   -2.09
859   -2.11   -2.09   -2.08   -2.11
860   -2.23   -2.09   -2.20   -2.21
861   -2.45   -2.23   -2.41   -2.40
862   -2.26   -2.32   -2.22   -2.29
863   -2.47   -2.36   -2.43   -2.43
864   -2.52   -2.41   -2.49   -2.51
865   -2.34   -2.40   -2.30   -2.37
866   -2.72   -2.47   -2.68   -2.65
867   -2.46   -2.56   -2.42   -2.50
868   -2.75   -2.49   -2.71   -2.70
869   -2.74   -2.67   -2.70   -2.73
870   -2.86   -2.70   -2.81   -2.83
871   -2.83   -2.82   -2.78   -2.83
872   -2.87   -2.81   -2.83   -2.86
873   -2.98   -2.88   -2.93   -2.95
874   -3.05   -2.96   -3.00   -3.03
875   -3.30   -3.10   -3.25   -3.25
876   -3.19   -3.16   -3.14   -3.20
877   -3.24   -3.19   -3.19   -3.23
878   -3.39   -3.29   -3.34   -3.36
879   -3.37   -3.35   -3.32   -3.37
880   -3.31   -3.34   -3.26   -3.32
881   -3.34   -3.35   -3.29   -3.34
882   -3.32   -3.34   -3.27   -3.32
883   -3.15   -3.28   -3.10   -3.18
884   -3.26   -3.24   -3.21   -3.24
885   -3.24   -3.24   -3.19   -3.24
886   -3.04   -3.17   -3.00   -3.08
887   -3.05   -3.09   -3.00   -3.05
888   -3.08   -3.09   -3.03   -3.07
889   -3.16   -3.08   -3.11   -3.14
890   -3.08   -3.11   -3.03   -3.09
891   -3.02   -3.08   -2.97   -3.03
892   -2.81   -3.07   -2.76   -2.85
893   -3.04   -2.98   -2.99   -3.00
894   -3.13   -3.05   -3.08   -3.10
895   -2.94   -3.06   -2.89   -2.97
896   -3.14   -3.01   -3.09   -3.10
897   -2.92   -3.03   -2.88   -2.96
898   -3.16   -2.99   -3.11   -3.12
899   -3.03   -3.07   -2.99   -3.05
900   -3.02   -3.04   -2.97   -3.03
901   -2.99   -3.05   -2.94   -2.99
902   6.86   -0.53   6.76   4.89
903   -3.13   1.90   -3.08   -1.52
904   -6.21   -0.59   -6.12   -5.28
905   -0.30   -0.69   -0.29   -1.29
906   -3.23   -1.74   -3.18   -2.85
907   -3.03   -2.45   -2.98   -2.99
908   -0.86   -2.40   -0.85   -1.29
909   -2.87   -2.50   -2.83   -2.55
910   -2.71   -2.87   -2.67   -2.68
911   -1.62   -2.48   -1.60   -1.83
912   -2.04   -2.21   -2.00   -2.00
913   -2.18   -2.14   -2.14   -2.14
914   -1.74   -1.93   -1.71   -1.82
915   -2.41   -2.02   -2.37   -2.29
916   -2.57   -2.18   -2.53   -2.52
917   -2.40   -2.28   -2.37   -2.43
918   -2.41   -2.41   -2.37   -2.41
919   -2.59   -2.45   -2.55   -2.56
920   -2.74   -2.50   -2.70   -2.70
921   -2.84   -2.64   -2.79   -2.81
922   -3.00   -2.82   -2.96   -2.96
923   -2.87   -2.93   -2.82   -2.89
924   -2.87   -2.89   -2.83   -2.87
925   -2.79   -2.88   -2.75   -2.81
926   -2.78   -2.81   -2.74   -2.78
927   -2.81   -2.79   -2.77   -2.80
928   -2.75   -2.80   -2.71   -2.76
929   -2.48   -2.71   -2.45   -2.54
930   -2.61   -2.60   -2.57   -2.59
931   -2.60   -2.57   -2.56   -2.60
932   -2.79   -2.57   -2.75   -2.75
933   -2.86   -2.71   -2.82   -2.84
934   -3.03   -2.84   -2.98   -2.99
935   -3.06   -2.99   -3.01   -3.04
936   -3.09   -3.00   -3.05   -3.08
937   -3.27   -3.11   -3.22   -3.23
938   -3.35   -3.24   -3.30   -3.33
939   -3.49   -3.37   -3.43   -3.46
940   -3.57   -3.40   -3.52   -3.55
941   -3.62   -3.51   -3.57   -3.61
942   -3.77   -3.62   -3.71   -3.73
943   -3.78   -3.73   -3.72   -3.77
944   -3.84   -3.74   -3.78   -3.82
945   -3.90   -3.82   -3.84   -3.88
946   -3.86   -3.86   -3.80   -3.86
947   -4.02   -3.91   -3.95   -3.98
948   -3.97   -3.95   -3.91   -3.97
949   -4.02   -3.97   -3.96   -4.01
950   -3.89   -3.99   -3.83   -3.91
951   -3.91   -3.93   -3.85   -3.91
952   -3.95   -3.93   -3.89   -3.95
953   -3.88   -3.91   -3.82   -3.89
954   -3.91   -3.90   -3.85   -3.91
955   -3.92   -3.90   -3.86   -3.92
956   -4.06   -3.91   -4.00   -4.03
957   -3.91   -3.95   -3.85   -3.93
958   -4.03   -3.94   -3.97   -4.01
959   -4.12   -4.02   -4.05   -4.09
960   -4.13   -4.04   -4.07   -4.13
961   -4.29   -4.14   -4.23   -4.26
962   -4.22   -4.23   -4.15   -4.22
963   -4.16   -4.22   -4.10   -4.18
964   -4.32   -4.21   -4.25   -4.29
965   -4.43   -4.28   -4.36   -4.40
966   -4.51   -4.38   -4.44   -4.49
967   -4.58   -4.51   -4.51   -4.56
968   -4.54   -4.53   -4.47   -4.54
969   -4.59   -4.55   -4.52   -4.58
970   -4.70   -4.62   -4.63   -4.68
971   -4.62   -4.65   -4.55   -4.63
972   -4.83   -4.63   -4.76   -4.79
973   -4.57   -4.68   -4.50   -4.61
974   -4.82   -4.64   -4.75   -4.78
975   -4.87   -4.77   -4.79   -4.85
976   -4.76   -4.78   -4.69   -4.78
977   -5.03   -4.87   -4.95   -4.98
978   -4.93   -4.96   -4.86   -4.94
979   -4.98   -4.97   -4.91   -4.98
980   -5.07   -4.98   -4.99   -5.05
981   -5.09   -5.02   -5.01   -5.08
982   -5.09   -5.06   -5.01   -5.09
983   -5.08   -5.09   -5.01   -5.08
984   -5.10   -5.09   -5.03   -5.10
985   -5.22   -5.12   -5.14   -5.19
986   -5.23   -5.19   -5.15   -5.22
987   -5.16   -5.21   -5.08   -5.17
988   -5.21   -5.19   -5.13   -5.20
989   -5.15   -5.19   -5.08   -5.16
990   -5.38   -5.21   -5.29   -5.33
991   -8.39   -6.07   -8.27   -7.78
992   -4.47   -6.83   -4.40   -5.13
993   -4.01   -5.56   -3.95   -4.23
994   -3.51   -4.98   -3.46   -3.66
995   -7.05   -4.52   -6.94   -6.37
996   -6.68   -5.41   -6.57   -6.62
997   -4.81   -5.51   -4.73   -5.17
998   -6.27   -5.73   -6.18   -6.05
999   -5.76   -5.78   -5.67   -5.81
1000   -5.66   -5.65   -5.58   -5.69
1001   -5.78   -5.87   -5.69   -5.76
1002   -5.82   -5.78   -5.73   -5.81
1003   -6.11   -5.88   -6.01   -6.05
1004   -5.90   -5.95   -5.81   -5.93
1005   -6.13   -5.99   -6.04   -6.09
1006   -6.44   -6.20   -6.34   -6.37
1007   -6.60   -6.40   -6.50   -6.55
1008   -6.56   -6.44   -6.46   -6.56
1009   -6.43   -6.51   -6.33   -6.46
1010   -6.67   -6.53   -6.57   -6.63
1011   -6.74   -6.63   -6.63   -6.71
1012   -6.85   -6.64   -6.75   -6.82
1013   -6.08   -6.58   -5.99   -6.23
1014   -8.89   -6.95   -8.76   -8.36
1015   -8.17   -8.01   -8.05   -8.21
1016   -6.86   -7.83   -6.76   -7.13
1017   -6.13   -7.51   -6.04   -6.33
1018   -5.44   -6.47   -5.36   -5.62
1019   -5.93   -5.74   -5.84   -5.87
1020   -7.12   -5.86   -7.01   -6.87
1021   -7.50   -6.50   -7.38   -7.37
1022   -7.56   -7.12   -7.44   -7.52
1023   -7.43   -7.51   -7.31   -7.45
1024   -7.34   -7.48   -7.22   -7.36
1025   -7.29   -7.40   -7.18   -7.30
1026   -7.46   -7.37   -7.35   -7.43
1027   -7.49   -7.43   -7.38   -7.48
1028   -7.56   -7.43   -7.44   -7.54
1029   -7.70   -7.55   -7.58   -7.67
1030   -7.56   -7.61   -7.44   -7.58
1031   -7.45   -7.57   -7.34   -7.48
1032   -7.47   -7.54   -7.36   -7.47
1033   -7.42   -7.48   -7.31   -7.43
1034   -7.45   -7.44   -7.33   -7.44
1035   -7.72   -7.51   -7.61   -7.67
1036   -7.81   -7.58   -7.69   -7.78
1037   -8.19   -7.79   -8.07   -8.11
1038   -8.36   -8.12   -8.24   -8.31
1039   -8.67   -8.40   -8.54   -8.60
1040   -8.85   -8.47   -8.72   -8.80
1041   -9.15   -8.76   -9.01   -9.08
1042   -9.31   -9.07   -9.17   -9.27
1043   -9.46   -9.31   -9.32   -9.42
1044   -9.57   -9.35   -9.42   -9.54
1045   -9.76   -9.53   -9.62   -9.72
1046   -9.82   -9.70   -9.67   -9.80
1047   -10.02   -9.85   -9.86   -9.97
1048   -10.14   -9.90   -9.98   -10.10
1049   -10.30   -10.07   -10.14   -10.26
1050   -10.47   -10.27   -10.31   -10.43
1051   -10.56   -10.45   -10.40   -10.54
1052   -10.58   -10.47   -10.42   -10.57
1053   -10.80   -10.60   -10.63   -10.75
1054   -10.88   -10.76   -10.72   -10.86
1055   -10.91   -10.87   -10.74   -10.90
1056   -10.99   -10.87   -10.83   -10.97
1057   -11.10   -10.97   -10.93   -11.07
1058   -11.31   -11.11   -11.14   -11.27
1059   -11.32   -11.26   -11.14   -11.31
1060   -11.47   -11.26   -11.30   -11.44
1061   -11.54   -11.41   -11.36   -11.52
1062   -11.53   -11.48   -11.35   -11.53
1063   -11.60   -11.55   -11.42   -11.58
1064   -11.71   -11.56   -11.53   -11.69
1065   -11.80   -11.66   -11.62   -11.78
1066   -11.89   -11.77   -11.71   -11.87
1067   -11.94   -11.88   -11.76   -11.93
1068   -12.02   -11.89   -11.84   -12.00
1069   -12.30   -12.04   -12.11   -12.24
1070   -12.32   -12.21   -12.14   -12.31
1071   -12.27   -12.30   -12.08   -12.28
1072   -12.38   -12.29   -12.20   -12.36
1073   -12.54   -12.38   -12.35   -12.50
1074   -12.66   -12.50   -12.46   -12.62
1075   -12.70   -12.64   -12.51   -12.69
1076   -12.76   -12.65   -12.56   -12.74
1077   -13.00   -12.78   -12.80   -12.95
1078   -13.00   -12.92   -12.80   -12.99
1079   -13.11   -13.03   -12.91   -13.09
1080   -13.24   -13.06   -13.04   -13.21
1081   -13.37   -13.18   -13.17   -13.34
1082   -13.46   -13.33   -13.26   -13.44
1083   -13.49   -13.45   -13.29   -13.48
1084   -13.56   -13.45   -13.35   -13.54
1085   -13.70   -13.55   -13.50   -13.67
1086   -13.78   -13.67   -13.57   -13.76
1087   -13.87   -13.78   -13.66   -13.85
1088   -13.99   -13.81   -13.78   -13.96
1089   -14.01   -13.91   -13.79   -14.00
1090   -14.15   -14.01   -13.93   -14.12
1091   -14.10   -14.10   -13.89   -14.11
1092   -14.11   -14.09   -13.90   -14.11
1093   -14.28   -14.16   -14.06   -14.25
1094   -14.22   -14.22   -14.00   -14.22
1095   -14.31   -14.26   -14.09   -14.29
1096   -14.26   -14.28   -14.04   -14.27
1097   -14.22   -14.25   -14.01   -14.23
1098   -14.23   -14.25   -14.02   -14.23
1099   -14.20   -14.22   -13.98   -14.20
1100   -14.09   -14.21   -13.87   -14.11
1101   -14.15   -14.17   -13.93   -14.14
1102   -14.02   -14.13   -13.81   -14.05
1103   -13.94   -14.03   -13.73   -13.96
1104   -13.97   -14.01   -13.76   -13.97
1105   -13.93   -13.97   -13.72   -13.94
1106   -14.00   -13.95   -13.79   -13.99
1107   -14.01   -13.99   -13.80   -14.01
1108   -13.93   -13.99   -13.72   -13.95
1109   -14.10   -14.01   -13.89   -14.07
1110   -14.33   -14.14   -14.11   -14.28
1111   -14.13   -14.22   -13.92   -14.16
1112   -14.11   -14.17   -13.89   -14.12
1113   -14.20   -14.19   -13.99   -14.19
1114   -14.14   -14.17   -13.92   -14.15
1115   -14.20   -14.17   -13.98   -14.19
1116   -14.15   -14.18   -13.94   -14.16
1117   -14.15   -14.16   -13.93   -14.15
1118   -14.05   -14.14   -13.84   -14.07
1119   -14.02   -14.07   -13.81   -14.03
1120   -13.91   -14.06   -13.70   -13.93
1121   -13.94   -13.98   -13.73   -13.94
1122   -13.87   -13.94   -13.66   -13.88
1123   -13.80   -13.87   -13.60   -13.82
1124   -13.77   -13.85   -13.56   -13.78
1125   -13.57   -13.75   -13.36   -13.61
1126   -13.63   -13.64   -13.42   -13.62
1127   -13.48   -13.58   -13.27   -13.51
1128   -13.37   -13.54   -13.17   -13.40
1129   -13.26   -13.43   -13.06   -13.29
1130   -13.18   -13.29   -12.98   -13.20
1131   -13.12   -13.18   -12.92   -13.14
1132   -13.00   -13.17   -12.80   -13.02
1133   -12.86   -13.04   -12.66   -12.89
1134   -12.69   -12.88   -12.50   -12.73
1135   -12.50   -12.69   -12.31   -12.55
1136   -12.43   -12.64   -12.24   -12.45
1137   -12.35   -12.49   -12.17   -12.37
1138   -12.38   -12.40   -12.19   -12.37
1139   -12.43   -12.38   -12.25   -12.42
1140   -12.33   -12.40   -12.14   -12.35
1141   -12.43   -12.39   -12.24   -12.41
1142   -12.32   -12.40   -12.13   -12.34
1143   -12.27   -12.33   -12.09   -12.29
1144   -12.31   -12.32   -12.12   -12.30
1145   -12.29   -12.30   -12.10   -12.29
1146   -12.38   -12.31   -12.20   -12.37
1147   -12.32   -12.34   -12.13   -12.33
1148   -12.29   -12.33   -12.10   -12.30
1149   -12.50   -12.37   -12.31   -12.46
1150   -12.52   -12.46   -12.33   -12.51
1151   -12.37   -12.48   -12.18   -12.40
1152   -12.25   -12.44   -12.07   -12.28
1153   -11.99   -12.28   -11.81   -12.05
1154   -12.99   -12.33   -12.79   -12.80
1155   -11.83   -12.45   -11.65   -12.02
1156   -12.07   -12.16   -11.88   -12.06
1157   -12.34   -12.31   -12.16   -12.29
1158   -12.14   -12.16   -11.96   -12.17
1159   -12.00   -12.16   -11.82   -12.03
1160   -12.22   -12.12   -12.03   -12.18
1161   -12.16   -12.13   -11.97   -12.16
1162   -12.10   -12.10   -11.91   -12.11
1163   -11.93   -12.07   -11.75   -11.96
1164   -11.81   -12.03   -11.63   -11.84
1165   -11.83   -11.92   -11.65   -11.83
1166   -11.63   -11.81   -11.45   -11.67
1167   -11.60   -11.67   -11.43   -11.62
1168   -11.46   -11.67   -11.29   -11.49
1169   -11.35   -11.51   -11.17   -11.38
1170   -11.29   -11.39   -11.11   -11.30
1171   -11.18   -11.27   -11.01   -11.21
1172   -11.06   -11.25   -10.89   -11.09
1173   -10.88   -11.10   -10.71   -10.92
1174   -10.89   -10.96   -10.72   -10.89
1175   -11.01   -10.92   -10.85   -10.99
1176   -10.56   -10.95   -10.40   -10.65
1177   -10.69   -10.79   -10.53   -10.68
1178   -10.36   -10.69   -10.20   -10.43
1179   -10.22   -10.41   -10.07   -10.27
1180   -10.03   -10.38   -9.87   -10.07
1181   -9.91   -10.13   -9.76   -9.94
1182   -9.72   -9.94   -9.58   -9.77
1183   -9.59   -9.74   -9.45   -9.63
1184   -9.36   -9.71   -9.22   -9.41
1185   -9.26   -9.49   -9.12   -9.29
1186   -9.14   -9.31   -9.00   -9.17
1187   -9.12   -9.16   -8.98   -9.13
1188   -8.84   -9.16   -8.70   -8.90
1189   -8.84   -8.98   -8.71   -8.85
1190   -8.78   -8.90   -8.65   -8.80
1191   -8.61   -8.76   -8.48   -8.65
1192   -8.52   -8.71   -8.39   -8.55
1193   -8.38   -8.57   -8.25   -8.41
1194   -8.26   -8.41   -8.14   -8.29
1195   -8.40   -8.33   -8.27   -8.38
1196   -8.24   -8.36   -8.12   -8.27
1197   -8.11   -8.25   -7.99   -8.15
1198   -8.06   -8.17   -7.94   -8.08
1199   -7.72   -7.99   -7.60   -7.79
1200   -7.64   -7.90   -7.52   -7.67
1201   -7.38   -7.70   -7.27   -7.44
1202   -7.37   -7.46   -7.26   -7.38
1203   -7.31   -7.36   -7.20   -7.32
1204   -7.20   -7.34   -7.09   -7.22
1205   -7.13   -7.25   -7.03   -7.15
1206   -7.10   -7.17   -6.99   -7.11
1207   -6.83   -7.04   -6.73   -6.89
1208   -6.91   -6.97   -6.80   -6.90
1209   -6.86   -6.92   -6.76   -6.87
1210   -6.75   -6.83   -6.65   -6.78
1211   -6.63   -6.75   -6.52   -6.66
1212   -6.64   -6.72   -6.54   -6.65
1213   -6.58   -6.65   -6.48   -6.60
1214   -6.49   -6.57   -6.39   -6.51
1215   -6.52   -6.52   -6.42   -6.51
1216   -6.32   -6.53   -6.22   -6.36
1217   -6.26   -6.40   -6.17   -6.28
1218   -6.18   -6.30   -6.09   -6.20
1219   -5.95   -6.14   -5.86   -6.00
1220   -5.68   -6.09   -5.59   -5.74
1221   -5.35   -5.79   -5.27   -5.43
1222   -5.09   -5.44   -5.02   -5.16
1223   -4.95   -5.12   -4.88   -5.00
1224   -4.59   -5.09   -4.52   -4.67
1225   -4.41   -4.76   -4.35   -4.47
1226   -4.05   -4.46   -3.99   -4.13
1227   -3.86   -4.09   -3.80   -3.92
1228   -3.61   -4.05   -3.55   -3.67
1229   -3.55   -3.77   -3.50   -3.57
1230   -3.54   -3.63   -3.49   -3.55
1231   -3.25   -3.47   -3.20   -3.31
1232   -3.15   -3.40   -3.11   -3.18
1233   -2.98   -3.23   -2.94   -3.02
1234   -2.92   -3.03   -2.88   -2.94
1235   -2.87   -2.93   -2.83   -2.89
1236   -2.83   -2.91   -2.78   -2.84
1237   -2.74   -2.84   -2.70   -2.76
1238   -2.62   -2.75   -2.58   -2.65
1239   -2.40   -2.60   -2.37   -2.45
1240   -2.18   -2.54   -2.15   -2.24
1241   -2.10   -2.33   -2.06   -2.12
1242   -1.95   -2.14   -1.92   -1.98
1243   -1.74   -1.93   -1.71   -1.79
1244   -1.67   -1.88   -1.65   -1.70
1245   -1.43   -1.70   -1.41   -1.49
1246   -1.42   -1.51   -1.39   -1.43
1247   -1.28   -1.39   -1.26   -1.31
1248   -1.11   -1.35   -1.09   -1.15
1249   -0.83   -1.16   -0.82   -0.89
1250   -0.70   -0.91   -0.69   -0.74
1251   -0.45   -0.67   -0.45   -0.51
1252   -0.33   -0.61   -0.32   -0.36
1253   -0.27   -0.44   -0.26   -0.29
1254   -0.09   -0.27   -0.09   -0.13
1255   -0.01   -0.11   -0.01   -0.03
1256   -0.04   -0.09   -0.03   -0.03
1257   0.18   0.01   0.18   0.14
1258   0.27   0.15   0.26   0.24
1259   0.15   0.21   0.14   0.16
1260   0.35   0.18   0.34   0.31
1261   0.36   0.28   0.35   0.35
1262   0.43   0.32   0.43   0.42
1263   0.47   0.42   0.47   0.46
1264   0.73   0.43   0.72   0.68
1265   0.70   0.58   0.69   0.70
1266   0.83   0.68   0.82   0.80
1267   1.00   0.84   0.98   0.96
1268   0.90   0.88   0.89   0.91
1269   0.88   0.90   0.87   0.89
1270   1.18   0.99   1.17   1.12
1271   1.63   1.22   1.60   1.53
1272   1.80   1.33   1.77   1.74
1273   1.80   1.60   1.77   1.79
1274   1.64   1.72   1.61   1.67
1275   1.67   1.69   1.65   1.67
1276   1.76   1.70   1.73   1.74
1277   1.75   1.71   1.73   1.75
1278   1.74   1.73   1.72   1.75
1279   1.86   1.78   1.84   1.84
1280   1.86   1.81   1.83   1.86
1281   1.89   1.84   1.86   1.88
1282   2.03   1.92   2.00   2.00
1283   2.21   2.04   2.17   2.16
1284   2.12   2.08   2.09   2.13
1285   2.17   2.13   2.13   2.16
1286   2.26   2.20   2.23   2.24
1287   2.33   2.25   2.29   2.31
1288   2.46   2.27   2.42   2.43
1289   2.61   2.41   2.57   2.57
1290   2.73   2.57   2.69   2.70
1291   2.85   2.73   2.81   2.82
1292   2.87   2.76   2.83   2.86
1293   2.96   2.85   2.91   2.94
1294   3.09   2.96   3.04   3.06
1295   3.31   3.11   3.26   3.26
1296   3.44   3.17   3.39   3.40
1297   3.61   3.36   3.56   3.57
1298   3.55   3.52   3.50   3.55
1299   4.03   3.69   3.97   3.93
1300   4.06   3.80   4.00   4.04
1301   4.19   3.96   4.12   4.16
1302   4.21   4.15   4.14   4.20
1303   4.29   4.22   4.22   4.27
1304   4.39   4.24   4.33   4.37
1305   4.46   4.34   4.39   4.44
1306   4.52   4.43   4.45   4.50
1307   4.52   4.50   4.45   4.51
1308   4.61   4.50   4.54   4.59
1309   4.66   4.57   4.59   4.64
1310   4.73   4.64   4.66   4.71
1311   4.82   4.73   4.75   4.80
1312   4.88   4.76   4.81   4.86
1313   4.89   4.83   4.81   4.88
1314   4.83   4.86   4.76   4.84
1315   4.87   4.86   4.80   4.86
1316   4.97   4.87   4.89   4.95
1317   4.90   4.89   4.83   4.91
1318   4.97   4.91   4.89   4.96
1319   5.05   4.97   4.97   5.03
1320   5.06   4.99   4.98   5.05
1321   5.14   5.05   5.06   5.12
1322   5.15   5.12   5.07   5.14
1323   5.14   5.14   5.06   5.14
1324   5.20   5.14   5.12   5.19
1325   5.20   5.17   5.12   5.20
1326   5.03   5.14   4.95   5.06
1327   5.22   5.12   5.14   5.19
1328   4.33   5.17   4.26   4.50
1329   5.58   5.04   5.49   5.36
1330   5.30   5.42   5.22   5.31
1331   3.91   5.02   3.85   4.19
1332   5.53   4.67   5.45   5.27
1333   5.65   5.10   5.56   5.57
1334   4.93   5.03   4.85   5.05
1335   5.49   5.25   5.41   5.40
1336   5.67   5.39   5.58   5.62
1337   5.46   5.39   5.38   5.49
1338   5.67   5.52   5.58   5.63
1339   5.45   5.56   5.36   5.48
1340   5.50   5.50   5.41   5.50
1341   5.50   5.53   5.41   5.50
1342   5.56   5.50   5.48   5.55
1343   5.51   5.53   5.42   5.52
1344   5.46   5.52   5.38   5.47
1345   5.67   5.55   5.59   5.63
1346   5.55   5.60   5.46   5.56
1347   5.76   5.63   5.67   5.72
1348   5.72   5.68   5.63   5.72
1349   5.86   5.72   5.77   5.83
1350   5.82   5.82   5.73   5.82
1351   6.07   5.89   5.98   6.02
1352   5.94   5.96   5.85   5.96
1353   6.16   6.00   6.07   6.12
1354   6.17   6.14   6.08   6.16
1355   6.28   6.20   6.18   6.26
1356   6.47   6.22   6.37   6.43
1357   6.46   6.35   6.37   6.46
1358   6.62   6.46   6.52   6.59
1359   6.58   6.57   6.48   6.58
1360   6.77   6.56   6.67   6.73
1361   6.81   6.70   6.71   6.80
1362   6.90   6.78   6.80   6.88
1363   7.04   6.91   6.93   7.01
1364   7.05   6.95   6.94   7.04
1365   7.37   7.09   7.26   7.31
1366   7.32   7.27   7.20   7.31
1367   7.36   7.34   7.25   7.35
1368   7.54   7.35   7.42   7.50
1369   7.70   7.48   7.58   7.66
1370   7.77   7.63   7.65   7.75
1371   7.84   7.77   7.72   7.82
1372   8.11   7.79   7.99   8.05
1373   8.02   7.93   7.89   8.02
1374   8.21   8.02   8.08   8.17
1375   8.50   8.23   8.37   8.43
1376   8.43   8.31   8.31   8.43
1377   8.58   8.43   8.45   8.55
1378   8.84   8.63   8.71   8.78
1379   9.00   8.82   8.87   8.96
1380   9.16   8.86   9.03   9.12
1381   9.09   9.02   8.95   9.10
1382   9.31   9.12   9.17   9.27
1383   9.47   9.30   9.33   9.43
1384   9.40   9.34   9.25   9.40
1385   9.54   9.43   9.40   9.52
1386   9.50   9.52   9.36   9.50
1387   9.60   9.54   9.46   9.58
1388   9.77   9.56   9.62   9.73
1389   9.65   9.63   9.51   9.67
1390   9.73   9.66   9.58   9.72
1391   9.69   9.70   9.54   9.70
1392   9.95   9.69   9.80   9.90
1393   9.87   9.81   9.72   9.87
1394   9.80   9.81   9.65   9.82
1395   9.72   9.80   9.57   9.74
1396   10.02   9.78   9.87   9.97
1397   9.66   9.80   9.51   9.72
1398   9.79   9.71   9.64   9.78
1399   9.51   9.69   9.37   9.57
1400   9.53   9.62   9.38   9.54
1401   9.70   9.63   9.55   9.66
1402   9.74   9.66   9.59   9.72
1403   9.63   9.70   9.48   9.65
1404   9.50   9.67   9.36   9.53
1405   9.58   9.61   9.44   9.57
1406   9.60   9.60   9.46   9.60
1407   9.50   9.57   9.35   9.52
1408   9.67   9.55   9.52   9.64
1409   9.44   9.55   9.30   9.48
1410   9.45   9.46   9.30   9.45
1411   9.40   9.43   9.25   9.41
1412   9.35   9.42   9.21   9.36
1413   9.33   9.38   9.19   9.34
1414   9.18   9.31   9.05   9.21
1415   9.11   9.20   8.97   9.13
1416   9.02   9.18   8.88   9.04
1417   9.00   9.08   8.86   9.01
1418   8.64   8.94   8.51   8.71
1419   7.65   8.48   7.53   7.86
1420   8.28   8.23   8.16   8.20
1421   7.86   8.11   7.74   7.93
1422   8.14   7.88   8.02   8.10
1423   8.23   8.10   8.11   8.21
1424   8.25   8.12   8.13   8.24
1425   8.26   8.22   8.13   8.25
1426   8.15   8.22   8.02   8.17
1427   8.11   8.17   7.99   8.12
1428   8.01   8.16   7.89   8.04
1429   8.04   8.08   7.91   8.04
1430   8.00   8.05   7.88   8.01
1431   7.86   7.97   7.74   7.89
1432   7.82   7.94   7.71   7.84
1433   7.69   7.85   7.58   7.72
1434   7.57   7.70   7.45   7.60
1435   7.48   7.58   7.36   7.50
1436   7.36   7.55   7.25   7.39
1437   7.34   7.44   7.23   7.35
1438   7.31   7.37   7.20   7.32
1439   7.29   7.31   7.18   7.30
1440   7.11   7.31   7.00   7.15
1441   7.11   7.21   7.01   7.12
1442   6.98   7.13   6.88   7.01
1443   6.92   7.00   6.82   6.94
1444   6.73   6.99   6.63   6.77
1445   6.66   6.82   6.56   6.69
1446   6.52   6.69   6.42   6.55
1447   6.33   6.51   6.23   6.37
1448   6.27   6.46   6.17   6.29
1449   6.04   6.29   5.95   6.09
1450   5.99   6.10   5.90   6.01
1451   6.02   6.01   5.93   6.02
1452   5.77   6.02   5.68   5.82
1453   5.73   5.88   5.64   5.75
1454   5.69   5.79   5.60   5.70
1455   5.53   5.66   5.45   5.57
1456   5.28   5.62   5.20   5.34
1457   5.29   5.45   5.21   5.30
1458   5.03   5.28   4.95   5.08
1459   5.14   5.12   5.06   5.13
1460   4.92   5.15   4.84   4.96
1461   4.61   4.92   4.54   4.68
1462   4.60   4.74   4.53   4.61
1463   4.54   4.59   4.47   4.55
1464   4.15   4.57   4.09   4.23
1465   4.29   4.39   4.22   4.28
1466   4.08   4.30   4.01   4.12
1467   3.66   4.02   3.60   3.75
1468   3.69   3.92   3.63   3.70
1469   3.46   3.72   3.41   3.51
1470   3.54   3.53   3.48   3.53
1471   3.33   3.47   3.27   3.37
1472   2.98   3.41   2.94   3.06
1473   2.87   3.18   2.82   2.91
1474   2.83   2.97   2.78   2.84
1475   2.47   2.75   2.44   2.55
1476   2.84   2.66   2.80   2.78
1477   2.41   2.64   2.37   2.48
1478   2.31   2.40   2.27   2.34
1479   2.18   2.30   2.14   2.21
1480   2.30   2.27   2.26   2.28
1481   2.20   2.25   2.16   2.21
1482   2.02   2.15   1.99   2.06
1483   2.09   2.08   2.05   2.08
1484   1.58   2.10   1.56   1.68
1485   1.83   1.88   1.80   1.80
1486   1.73   1.87   1.71   1.74
1487   1.43   1.68   1.41   1.49
1488   1.55   1.61   1.52   1.54
1489   1.26   1.49   1.24   1.31
1490   0.76   1.18   0.75   0.87
1491   0.78   0.89   0.77   0.80
1492   0.72   0.89   0.71   0.74
1493   0.61   0.72   0.60   0.64
1494   0.50   0.62   0.49   0.53
1495   -0.12   0.37  -0.12   0.01
1496   0.26   0.22   0.26   0.21
1497   -0.31   0.08   -0.30   -0.20
1498   0.22   -0.13   0.22   0.14
1499   -0.26   -0.03   -0.26   -0.18
1500   -0.37   -0.15   -0.36   -0.33
